charging:
 ownOffsetX: 0.093236
 ownOffsetY: 0.014015
 ownOffsetZ: 0.414984
 dockOffsetX: 0.386370
 dockOffsetY: -0.103254
 dockOffsetZ: 0.008390
