charging:
 dockOffsetX: 0.375155
 dockOffsetY: -0.097181
 dockOffsetZ: 0.008404
 ownOffsetX: 0.097839
 ownOffsetY: 0.013337
 ownOffsetZ: 0.400515
